0.000000000000000000e+00
0.000000000000000000e+00
0.000000000000000000e+00
2.592590337303448234e+00
0.000000000000000000e+00
0.000000000000000000e+00
0.000000000000000000e+00
0.000000000000000000e+00
0.000000000000000000e+00
0.000000000000000000e+00
0.000000000000000000e+00
2.592590337303448234e+00
0.000000000000000000e+00
2.866688003979292532e+01
0.000000000000000000e+00
0.000000000000000000e+00
0.000000000000000000e+00
4.431545069274854143e+00
0.000000000000000000e+00
0.000000000000000000e+00
4.603174183881436399e+00
0.000000000000000000e+00
2.592590337303448234e+00
0.000000000000000000e+00
0.000000000000000000e+00
0.000000000000000000e+00
0.000000000000000000e+00
2.592590337303448234e+00
0.000000000000000000e+00
2.550703696269531306e+01
0.000000000000000000e+00
0.000000000000000000e+00
0.000000000000000000e+00
0.000000000000000000e+00
2.592590337303448234e+00
0.000000000000000000e+00
0.000000000000000000e+00
0.000000000000000000e+00
0.000000000000000000e+00
