4.217116667333493751e+01
3.062184263284126118e+01
1.837214327962076155e+01
5.803039590977670059e+01
4.075175862420572059e+01
4.208529378774495910e+01
5.406052696285614445e+01
3.968980239687134315e+01
5.166912113207584412e+01
3.568082859016655561e+01
4.958508562250995055e+01
5.394437506109024838e+01
4.757523976730135473e+01
4.359064991687932888e+01
4.877978143657166754e+01
3.018625838581454346e+01
3.546588146620997861e+01
5.382493781478591899e+01
2.127103139334839810e+01
3.166875015317698328e+01
3.724168981942510470e+01
4.428941034513506025e+01
4.391894315481648903e+01
5.239444931896155566e+01
3.879730251833343146e+01
4.534676896424784331e+01
4.639451025680590135e+01
4.304070962617898743e+01
4.166449222379925033e+01
5.966291098836760654e+01
4.486726462938201365e+01
4.776239971134805273e+01
5.766359998413133070e+01
5.093563060963586508e+01
4.881091107125519102e+01
3.391528842093180174e+01
3.881368921172411035e+01
4.420158135596061300e+01
4.786717738711026016e+01
