3.881076453383982994e+01 4.121080727849918190e+01
5.490578449590812227e+01 3.440114639108397654e+01
1.823503569012983760e+01 1.995898635781719577e+01
5.803039590977668638e+01 3.271449278253869153e+01
4.075175862420572059e+01 4.228800924231544656e+01
4.208529378774495910e+01 2.773510567809832494e+01
5.406052696285617998e+01 5.439552609148364581e+01
3.968980239687134315e+01 3.964906744323513976e+01
5.166912113207584412e+01 5.036192714649708790e+01
3.568082859016655561e+01 3.027292026475454279e+01
5.433679587509482189e+01 4.958508562250995055e+01
5.394437506109024838e+01 5.052099857207786471e+01
5.080479402992666138e+01 4.757523976730135473e+01
5.329782145014631567e+01 4.359064991687932888e+01
4.877978143657168886e+01 4.478433698494804105e+01
4.322204272441921091e+01 3.018625838581454346e+01
3.991909917905048388e+01 3.546588146620997861e+01
5.539446078493777037e+01 5.382493781478590478e+01
3.191179457399353936e+01 2.127103139334839810e+01
5.094830582180308198e+01 3.166875015317698328e+01
3.441261524754309420e+01 3.724168981942510470e+01
3.278164060390902534e+01 3.323040745801475282e+01
4.530573853268652584e+01 4.391894315481648903e+01
5.239444931896155566e+01 5.356127797394145063e+01
4.349841745517186098e+01 4.660281855290840980e+01
3.176862316877819836e+01 2.767358500837360680e+01
4.639451025680593688e+01 4.501342757825954521e+01
4.304070962617898743e+01 4.341159215106772962e+01
5.810490470450608314e+01 4.166449222379925033e+01
5.966291098836760654e+01 5.898520068569405339e+01
4.486726462938201365e+01 2.932189421828114817e+01
4.634024239550291213e+01 4.776239971134805273e+01
3.558829433304934753e+01 5.817656328119768006e+01
5.093563060963586508e+01 4.953678674275617055e+01
4.881091107125519102e+01 2.832146523923869808e+01
3.391528842093180174e+01 3.182013200836508204e+01
3.881368921172411035e+01 3.600139857638772156e+01
4.461752114471099873e+01 4.420158135596057036e+01
4.786717738711026016e+01 4.917475572785642868e+01
